831020
500739
427855
634876
736079
48608
589062
148289
644723
627432
553712
22342
352017
648720
15161
414882
718432
573404
393155
838976
232933
181586
721326
606643
385546
279718
506344
195523
627274
183631
35290
869822
187106
816931
5248
610804
277892
556537
42447
924647
150642
589606
313700
94840
939430
148736
312099
158961
477752
885454
22639
991529
753180
42788
785949
788398
71214
85274
868431
221863
844481
510037
998943
568262
167478
83301
376455
585446
218206
118834
714361
69595
794086
480292
716286
586648
318690
553092
484259
577895
846418
497465
167481
865630
835729
660239
628051
486627
374563
418450
407518
964056
623876
910919
690738
507075
495355
851532
163913
435682
791411
434012
744735
266351
161764
33105
927465
178742
944701
674411
91259
621565
725933
767510
962196
889273
958476
951765
453603
61547
44985
767571
549687
659171
7528
884524
954468
592704
230610
639750
209932
835653
110614
226243
836328
543076
415196
544583
885193
359226
485186
868973
954133
876891
391028
27421
936920
855976
434210
469306
758209
317936
511643
649736
665382
656523
276991
105104
440248
187028
95170
693297
865361
841537
500451
67664
472675
943578
68804
579534
594905
681163
231605
521650
558825
834285
948160
925970
757602
10933
305270
449231
457502
406189
519526
404954
896056
396533
726365
273633
423944
490829
24094
539242
345891
643517
75829
60132
301780
593553
86513
84296
346126
619930
633589
230312
571969
681862
200428
382706
558689
517090
297886
718734
454341
463976
637445
543146
738699
233204
754985
714217
707804
621164
914911
159238
564545
614550
248282
735607
214055
589363
939054
155874
440504
178335
283544
542636
514807
569515
174757
16447
104492
940533
764783
913930
483753
84902
309944
286050
851710
773844
229684
126630
329748
910346
439838
550485
41567
753465
61311
405186
901331
809890
454641
755085
171176
215208
996040
896030
638666
986163
18280
39532
663327
687006
802809
246018
405377
179222
651099
217174
278899
238561
267597
862048
256379
63366
888010
378442
176526
486533
482203
351203
592660
774028
654873
160504
990970
566679
257440
293375
774547
966713
838661
45273
598971
816458
43261
994221
748484
812257
258669
754382
397629
903849
678955
970138
597454
381711
91107
435198
498313
100253
240202
533112
883727
86332
182332
442306
461491
962399
944984
340131
368017
95371
538569
247586
474304
72678
1463
740844
544584
90747
736067
571242
476865
76683
455350
898886
383850
827070
422193
697312
987950
129549
996129
355735
162269
560266
149326
590796
781624
635905
677211
932361
384830
170245
772146
622481
437955
14996
105488
667541
558617
64313
517164
112412
481911
454226
511952
566559
191159
728605
294086
472845
496670
688424
716105
378073
602700
774109
970376
738386
396677
128294
370051
107741
30
880636
573296
420865
433377
826566
848303
480225
667506
481699
959003
383092
514555
921205
374823
304013
224222
80672
472655
835209
466611
109186
176707
348186
658243
103628
651167
837371
98635
172726
859256
988463
517941
827654
68532
55918
415734
992481
271055
183182
349683
672002
869434
179725
333450
23788
235066
764428
65826
150036
615005
321384
897178
433100
230095
14252
641276
4579
472610
73804
803048
823718
94191
38271
980468
164923
897083
749824
14555
134861
502103
312991
12581
631715
75957
429843
434623
30111
871453
981695
82950
385390
94849
657152
470554
550471
646271
986230
936543
784756
555256
130544
103665
224017
759438
345190
723265
34252
93761
14117
332435
307851
32746
497140
806799
199980
769989
500899
185177
40285
914314
350100
316230
494976
385932
785370
1277
636677
216385
723746
745512
89261
925801
457781
958849
258527
555290
488018
650590
213
154706
652140
604284
407232
537245
271425
408453
108852
366694
178612
338444
679922
25669
303867
754967
861409
513198
268843
341831
488527
129342
163550
136957
567449
782215
721597
68793
414858
697603
531941
84316
803381
787864
397463
583062
659873
872700
938082
278977
253842
3660
938429
323547
912191
199100
404464
832133
930377
785246
427199
664385
637242
964766
453265
534580
170924
343681
170504
38300
320012
490256
503807
760450
507529
348978
699604
208595
749244
408256
329068
440591
206974
841217
765939
941606
847663
543190
455018
381681
614835
4003
179096
200050
520460
692269
485098
209683
484994
357472
389470
852356
75161
911416
697161
459649
973572
276615
806266
851862
122313
888390
53945
553810
422290
946951
603919
445283
718751
592990
884663
82515
458888
280929
933197
273308
187813
718979
909510
260737
543987
447341
701314
654160
452366
5618
343199
410929
234773
177555
689994
614098
208921
486637
744676
804416
454051
670000
204453
441311
404376
162623
437352
515208
360868
280248
45556
982232
244306
746961
614290
151310
388214
4606
902707
827445
710733
577674
627491
727867
691206
110849
701319
367558
927815
796732
732830
892030
324171
67171
59409
679453
786061
860310
467090
887800
443240
943153
997742
21268
820361
59472
140696
158353
42183
478363
934157
450160
925083
845001
153947
755779
155624
280286
333994
410692
502848
484872
420728
76412
622212
221475
506529
585433
149364
800000
68937
925188
646817
279016
115580
254080
784695
309670
133955
245398
963074
183384
314490
277392
27548
891996
18019
251888
56780
185016
269251
111286
13877
453749
367791
194437
431959
484365
489844
279447
687427
361717
590976
201792
1877
447710
56852
728542
727755
921715
121903
351648
55818
732575
670207
141996
889633
143258
414502
633480
6270
314794
560502
429433
396865
123063
377802
915131
630663
515963
362876
170903
382640
620695
763008
23846
983913
517185
966049
151390
720201
238612
829935
369902
808653
10773
372940
990305
223097
512268
618043
601664
564043
405765
443565
20693
501410
741946
221939
386194
524224
709740
521359
852734
912232
241856
778715
483696
352122
983345
415759
359107
681524
630640
920906
777841
343077
637757
298402
359006
349378
421306
940834
978903
41745
304110
935951
144077
995414
658087
860804
413525
66588
224467
70926
280438
511513
252454
861226
459168
673857
75009
224608
56503
325851
7647
134952
229809
397261
470420
692300
84339
69936
388502
388849
78101
844239
532650
76023
79504
73514
172966
87519
648818
500952
710076
876278
703482
461377
296640
598785
102685
786149
299047
471941
562761
727935
531970
873711
777677
477655
342834
535920
564489
87642
419656
2225
416901
854926
987697
669330
754217
988639
483113
191549
677045
524969
122989
482563
273031
510461
696710
481096
723954
791478
42203
482735
915214
218218
778733
160327
749998
480758
918809
188835
607363
455705
539535
538033
79458
704239
785659
43967
871631
234251
714234
547226
599433
199907
861760
644053
231713
245183
444273
273064
384009
457956
465509
126627
236367
372669
911017
345668
415921
768582
773743
28606
274019
655027
861068
642089
859425
45422
549460
783307
958616
892566
53244
639001
179767
776856
636786
385157
102710
5965
684260
646703
870813
727386
924036
867504
753804
100040
239679
458322
965173
28547
