988012
24832
339347
112315
401460
775088
133620
602900
613433
51017
997797
322606
699641
729301
806286
537177
197433
568490
393844
305361
269932
265270
494266
317721
191564
110092
339616
964812
564481
11564
44485
645669
225580
443170
882428
227652
286044
549811
490594
178576
236334
974612
619878
383909
202128
862325
396089
897114
925281
324583
698559
903425
535695
226180
22993
830494
691054
439526
125638
152164
457709
591795
456242
762799
586115
678822
262753
287313
898206
45052
24540
457937
641241
877668
300815
642218
239809
475328
118668
718493
976318
602725
320570
4861
87439
445722
425393
653493
577955
266027
345290
788093
108136
150523
875749
517638
549993
960783
16421
583712
939444
758621
208194
457171
491479
878663
883632
21392
125973
799817
21516
15222
534509
945231
621068
875896
356239
369981
900662
240079
368904
804615
499308
841717
258146
385290
503809
937401
8247
831926
838767
770117
313285
727635
167321
495613
929229
205946
955357
459237
329449
677506
451279
794348
656341
869656
387137
308099
896380
666852
454366
294645
60885
97977
384499
772588
539472
559870
279536
558262
977738
312871
475392
965517
800122
485590
446833
973971
908843
297900
269837
126027
100121
127346
677946
370988
848880
797280
960973
674231
71276
757195
205026
460881
925338
630862
570442
372885
517949
340887
823240
585488
684563
81238
99415
929926
76004
797329
617677
938521
958889
591325
626364
606227
662380
143929
26349
417237
103999
561968
955077
199865
417234
445777
581841
191789
754308
390367
572994
709942
621951
359842
835471
714358
349411
692253
236165
486514
926407
691103
445525
888053
419300
83448
488708
40147
640361
585871
453593
74266
887637
752241
162736
842968
872232
338393
266106
156267
791601
848068
10726
512958
855025
868771
367652
950822
976474
409605
891698
662969
594348
612187
374870
505561
963663
70174
551951
182466
763402
794938
954720
615818
165648
728877
118539
246420
885951
197997
131708
438506
881016
964626
800786
984447
300187
708050
97481
852378
192776
523200
362467
468246
500746
882659
103490
40056
893719
283256
259908
883860
256721
111811
599736
736272
584144
262526
705172
360031
373565
182317
649751
522591
175655
852472
348629
730074
875214
284405
697447
3036
178542
492010
224799
860764
692553
863587
689713
322691
851207
42690
103405
963872
949894
535713
854661
770193
924378
338285
354076
412700
793405
172405
296563
505398
578506
369011
236686
944536
36927
178647
285566
151062
979684
181289
423113
113670
955057
208116
428968
267800
415225
902679
818217
557217
85641
775079
701942
904248
808479
157561
58861
942529
72670
112540
212610
64436
466393
247421
235430
445254
134240
895633
50875
951778
602800
395040
735878
115269
167719
334086
673046
75690
748650
494959
873533
507861
566634
505135
549919
274332
740842
204331
783071
466716
793129
55820
179832
524783
242966
274073
429461
646299
661600
488451
162938
814233
580010
166130
629170
750135
81987
725102
568571
198735
899360
679436
320128
92712
582717
284582
721781
944019
436730
935685
364683
582497
605687
482363
579282
51096
413922
370092
476644
9861
190555
13156
545100
826102
709662
954874
421516
891
753941
940113
586402
478720
327194
227043
575438
847022
603022
478599
97997
932696
215925
635514
755099
754267
401494
263772
587321
615609
667659
774023
902753
490196
706333
95058
351460
479177
423882
556251
209352
374007
939414
19374
125355
572471
418395
938088
409363
708992
426578
862360
696165
765520
997811
358462
915036
927712
797814
666500
821401
366154
566112
270608
925631
706673
417051
59725
426775
356663
278344
57058
722581
67878
96741
777008
958085
816654
765078
272765
623937
45015
301661
543128
401581
859598
576013
64845
42326
990870
468491
933712
820580
312955
711398
633223
146912
311885
868847
665524
161613
503882
600846
380895
257786
769421
718476
900075
309706
903382
450396
794722
183946
438123
784474
520896
109129
373514
302913
178252
617505
291827
268701
964566
963700
722158
82089
690853
709124
258579
968139
448594
259512
57476
64978
456230
518756
100314
776860
432626
85955
597866
665131
534875
354848
222159
172822
131839
566195
216001
584083
62888
256691
139324
551721
838256
21708
66773
681287
21600
886496
229615
917554
105371
371529
648302
493365
750707
554752
780275
299510
942312
496326
122594
96075
186637
989151
676887
798575
242758
640919
125807
358430
530169
380240
992605
623345
768075
904255
265902
152354
253836
760015
496798
562480
312586
947570
777628
797030
975632
694988
242240
718296
503926
916235
750643
932608
68778
855997
777041
796311
136848
36239
977141
404616
207311
594765
639750
894757
855363
757070
222240
325033
341441
251432
611000
427136
914954
931882
371162
157017
820797
148358
881808
325749
576932
338475
881442
948030
97888
561727
150044
210152
6525
973546
428780
857537
848985
33606
542764
288713
396364
783862
428605
116119
856718
477
446583
825435
410317
703845
911313
848567
148841
440014
632810
621634
737414
646264
555414
445748
452857
847212
269959
974187
869991
884953
298637
703645
149178
181658
287830
447087
494959
952584
905327
539819
939495
791083
58445
226455
810673
319285
932486
362529
808554
25671
499768
692450
814499
696966
794603
514582
893927
694026
7017
164357
741225
679079
639383
413729
81414
831168
362913
99727
594085
647832
825292
475722
433254
554974
560292
659086
573835
745400
850207
618468
53077
724389
889116
119307
430584
631931
483820
517018
42821
511326
405688
474355
567780
630691
732515
653512
929883
501593
983096
333917
416884
558849
960026
590175
456301
513021
721941
263327
60784
820651
956833
379391
231876
839974
257942
844584
181561
311008
924977
880950
327084
977232
231123
359451
396758
60479
636412
320734
363917
868585
5274
415063
932299
431390
702255
729937
351232
526726
472580
80608
954812
592517
719494
529600
482098
853994
110112
383110
501195
823788
897605
130827
526527
932465
7484
738680
19790
39667
499553
416845
97250
308225
401512
502838
368437
25717
578708
140685
655698
872291
805946
613960
537677
15394
193281
926822
705061
306085
662906
393508
405987
722533
882794
563104
476183
150360
730973
892891
666738
134797
737056
497788
973978
112032
707858
80764
399467
695222
710560
594056
282554
517788
124991
573367
525454
831037
100605
13943
15696
917559
241360
292932
315816
550254
158737
444569
350322
818120
197311
817498
305137
427618
917289
284830
892208
421252
555234
326033
957738
664552
68432
175051
6070
764757
858364
709148
892343
740865
695609
964850
163600
431647
997182
716956
125989
8278
988368
70878
117749
98496
594119
87668
58226
429695
407949
998283
756870
775567
99180
364729
500284
189225
51305
642466
347266
847836
136298
898440
618625
47018
918680
12483
72605
866147
942025
20945
835018
177587
859222
219945
209720
769484
45437
990716
513835
570613
499527
718121
313277
317534
729465
271413
261077
707582
46468
945400
730581
228119
120314
729768
2080
680786
213605
888734
250240
185366
698788
302542
453574
480997
461697
