43
2270
7006
6055
900
7791
8359
5819
3249
7970
8805
7132
6689
3709
5095
3871
704
8573
1995
9432
5353
2597
837
4549
9548
2990
1541
7704
4948
6268
6712
123
4351
2275
8005
1761
8109
9536
2347
1664
7904
9248
3572
4829
3245
7947
32
4859
5262
2317
8172
9261
977
6264
6755
4709
1881
2875
1283
8708
379
3614
8018
151
3867
6735
5576
6613
4698
4050
3862
2248
7003
1539
7730
2770
6306
2242
8376
1024
9912
9848
4596
6948
5021
1279
7466
5413
7425
3117
4911
9490
4687
2736
2583
5193
6211
670
9793
3751
9232
2630
6582
5194
7302
9538
5655
206
9497
6484
1247
9298
3424
9676
9176
4182
3699
3873
2601
7686
6061
2371
637
8236
6811
9628
326
5588
6745
3261
2047
7782
4715
1820
8451
7232
998
3404
2134
8521
2192
5313
5611
1412
9743
4638
3988
7080
4442
4065
1497
2150
7513
8559
3306
73
1764
1684
9233
5290
3982
9246
8863
1155
2973
4759
5749
8216
9463
5626
7048
7061
2691
5403
2528
2249
9156
3799
2518
6411
24
5554
8097
6553
6300
2598
7618
3102
263
4752
1860
9159
5671
5128
3203
3121
7696
3016
3389
9779
3468
2006
1053
6065
8813
4816
3467
6622
4904
8324
3412
7789
4249
7871
4084
5547
3217
4647
4523
7563
1020
4762
4887
3283
3884
6891
6595
7463
3575
4225
5380
5998
682
2319
2618
4850
3478
3628
8145
3269
2260
2065
9215
8852
5697
2177
3767
7995
5557
9972
2384
7292
8276
357
9173
5877
1603
798
5667
6361
8204
1185
6635
6385
1735
1563
7337
9212
6216
3303
9723
5765
10
9530
14
2045
9152
8114
7871
6000
9884
4830
5080
804
1089
288
9592
9526
6756
2026
2292
7457
4314
5701
7467
5754
2432
3436
4788
2101
1398
4549
2524
6141
986
3374
1053
5920
9405
2951
4196
3110
1009
4791
3498
3529
4410
2062
4863
1245
1291
9084
2789
8440
1545
4974
6924
299
2610
1595
2466
6454
6617
297
2365
5721
6832
9208
8129
9714
2922
565
1567
2283
955
3154
5493
6232
1387
7330
4625
9437
8021
3278
3697
1903
2028
6823
8303
4794
7825
333
6676
5791
6261
311
8665
8986
9274
521
4670
5487
2303
8207
9963
545
9260
7417
3432
3016
1037
8655
9910
3670
4581
5248
2787
7642
3288
1092
1799
1906
5033
8448
1978
2009
6799
9691
9908
7613
5056
9657
8518
7906
1761
6323
9793
1373
9404
2576
4390
1240
9714
3744
5308
6577
1828
8639
1948
270
7031
2865
3804
816
643
4143
1511
7479
1531
8130
2858
87
9277
229
973
4304
1523
9574
4596
7195
6268
8667
3538
6901
5726
84
652
7654
7464
2609
4247
1390
7978
8288
6872
3358
570
9855
7469
1399
2225
9353
4688
4373
6118
4750
7671
3353
3072
6022
4154
1741
2356
8588
2979
1732
9029
1810
3695
8558
7598
4049
5859
5481
5507
8125
4380
7892
4092
7071
8452
9885
7468
9749
7630
3383
9928
6657
4322
7593
2870
830
3094
5443
8269
4745
3885
1009
9055
6050
4601
4015
3453
9673
3779
6997
746
7106
1996
9506
7339
8301
1653
6691
8764
1692
1525
2626
9619
2498
2830
821
5920
2402
621
8113
8388
7834
2155
1733
3436
3784
8230
7660
4802
7190
2641
6962
7694
3026
6824
9577
2397
9614
1109
7649
6781
757
5196
5226
7438
6887
7200
7259
4580
779
966
7533
9540
9022
7447
7353
8921
6914
9148
9577
985
8398
6146
3032
4892
4477
5325
9028
7664
1071
2467
9482
789
916
6899
5817
8575
7540
5056
8922
347
7607
1623
948
4844
6482
183
7756
1425
4745
1180
5717
5144
7394
7336
2026
1061
3557
516
4508
157
2789
2924
9681
2377
4973
1057
2810
8477
4408
836
1160
7462
4500
2476
4274
852
1710
556
5372
9414
9249
7073
7009
1172
124
6268
8150
5783
8527
4940
1246
6561
9873
1239
4590
5259
9331
8707
2326
8831
3359
8120
3474
4043
6491
2
7653
6601
2082
2311
6591
9290
8238
5063
323
4101
684
1502
6178
7004
7950
9356
8568
2697
757
7174
3064
8633
8304
9641
8860
3395
1034
5482
5614
254
9368
7385
5840
5215
6670
2342
228
5760
8524
6729
2877
5590
9087
4124
356
5495
6056
7830
514
1084
4016
990
5023
2969
4111
6554
8856
232
6066
3421
1482
861
8558
5043
6232
7302
8599
6962
9147
87
5765
6570
6250
8616
7200
4359
770
348
9893
7286
9401
6403
3428
8495
6756
9599
9681
4602
8523
1355
5737
3109
2456
3758
595
3503
2413
8786
5844
7123
5804
4286
452
5749
5684
799
1927
3491
3387
9332
9366
8599
8930
2170
9283
3489
7357
1739
9927
3236
7839
6342
7720
4751
4944
3716
4058
8852
6176
2338
965
7103
5526
629
2667
3499
8324
2341
2343
3369
2571
1860
4579
3507
201
91
3037
4355
4019
6563
4476
3304
3485
2764
4053
4286
3850
6607
122
311
4300
4286
3572
7982
7460
7867
9618
1144
6075
753
2038
8605
7227
9102
8491
7768
6949
890
91
8933
9860
8628
4092
3067
1677
5051
4157
8789
2623
5904
2166
1347
5357
5644
3399
6293
6745
5165
164
7229
8920
4811
5639
5431
9008
9020
42
4982
2087
8483
6371
2553
6553
1327
3720
6340
9280
2543
1027
3151
572
2848
4849
7830
1935
4292
55
9575
5992
6334
1335
3171
9459
7185
1541
1345
5351
8593
1961
1632
7924
6860
614
235
4105
8552
5338
2350
2988
8754
4593
150
9415
484
5087
6728
4830
7731
7896
8671
4260
7219
4638
3948
2074
8566
4944
9561
2159
4296
2227
677
9771
5529
2387
2604
8726
1427
5494
6507
6095
8138
3120
863
9366
1988
3561
4219
9175
5321
6012
8869
3205
3577
5748
6145
1882
9496
2063
5074
6985
8298
2025
3561
3204
5446
6792
5031
311
7764
235
7132
563
9544
3864
285
7894
995
6364
485
9290
481
939
1818
6453
9473
2025
4060
4393
2578
8837
2762
7610
993
9510
7074
993
