2077
6591
6350
2718
2381
6191
1320
9582
8093
5666
7827
487
2816
7198
8159
3769
7456
4163
8019
7366
2084
1714
5147
4208
7330
7885
110
7931
3252
2537
7968
7553
1178
2810
5094
6198
3945
6049
8245
4509
1551
6741
6137
223
7600
9084
6645
8819
3304
904
5049
8244
5241
343
1388
2273
821
7811
7045
4638
6772
4299
7088
2525
7477
4222
4477
3453
2066
9260
4929
8412
3772
6497
6654
4313
1191
1905
8290
5076
3434
32
9878
7384
7907
6825
7911
3261
4923
5861
8452
2587
9475
473
6586
2160
6151
5110
4428
3101
9475
9816
735
4842
1371
398
361
3542
1178
6217
5949
9459
6234
4853
6845
8052
1131
974
469
705
5656
6436
6746
3117
9557
3338
8461
9359
2019
4291
1937
9896
7009
5566
8639
5541
1420
7028
6855
9992
2477
6277
9418
2205
8280
3009
6153
779
3399
2352
8554
1501
3819
8541
5399
783
4404
4734
5228
9128
6601
2570
5696
9219
4756
2953
3500
3597
1416
1182
1327
230
9818
7285
8215
3638
4263
5624
1944
4748
1770
2873
7823
409
3392
6350
7695
2043
131
4549
2830
3391
9155
769
2547
5916
9777
5785
8609
8631
6789
3146
3227
9636
134
1754
2596
3199
9488
2438
3375
7395
3453
6910
8020
4861
8292
2746
1745
5021
7309
8248
1311
2645
1229
2621
7467
765
3320
1031
2849
6824
4793
8625
270
9368
2756
3674
3850
9922
829
9630
6085
9518
6182
3755
4473
3620
6374
2691
1797
2046
8869
1358
3635
7328
1460
6582
751
9262
5262
1702
5631
6674
5518
3918
8333
623
6197
9360
6808
7952
7681
9083
890
1555
208
1465
100
8626
391
3387
3360
8070
9310
2965
9418
3419
9931
3113
9261
221
6820
7735
6959
3433
4867
8781
840
9809
4801
3525
9110
8549
4005
9638
9997
2860
96
9954
667
9677
635
1853
1335
1259
5567
829
8197
5116
2442
7052
3228
5572
5444
2640
6622
2859
895
9922
377
3147
9934
2284
8918
6258
899
9890
1802
8182
3735
3661
5290
1279
9822
6542
935
3096
1404
1037
5173
9425
1468
4777
4183
7085
9363
8784
6627
4132
7314
1106
5121
2400
4234
1367
9609
3988
1156
6003
9064
7272
4839
5614
8287
6346
3730
4515
7039
5917
8255
2605
3111
8303
5010
9434
9937
4201
6503
2626
7274
5322
5114
2936
3970
2858
647
9827
5172
3679
7670
7610
5121
5510
133
7415
2191
467
4763
7261
14
2055
791
4220
2256
6302
3282
3705
5808
3858
7983
4474
5679
2836
5367
9593
3059
6801
2492
4176
2105
2070
9293
1488
8050
2481
6810
8349
5424
8862
1477
9387
5316
8814
3441
9987
1095
5318
9911
9972
6223
9949
4268
8846
3955
5425
9688
6184
1493
5258
2079
5524
6054
8337
9856
860
4272
4117
2192
8639
2977
8123
5893
7615
9579
5022
8685
9942
867
9960
9493
4789
4815
7850
1514
6988
8886
3557
9862
142
9192
9113
8162
9559
8485
5275
9584
3321
6797
2463
7824
7260
9216
2176
7239
5832
7811
3431
8076
5036
2409
8004
3228
5283
7309
7184
909
2883
3573
5138
5477
2123
143
4245
8125
2993
2324
5917
9483
365
2668
2063
9226
4040
7321
7764
7404
2211
5333
9723
3093
139
8806
7578
7266
4996
7941
9232
4365
3218
87
9727
1360
8927
8833
8114
9381
4488
8189
5734
6302
2542
7995
9973
5293
3267
5468
9579
5712
687
1422
6493
5719
2662
5943
5531
7620
1741
7519
3496
5929
801
5582
6923
9579
6089
5580
5384
9702
9076
3784
9942
9337
3584
6275
712
7130
5429
8603
7572
3362
8707
6662
1573
5125
2912
1634
8338
1854
6556
5377
7706
715
7984
9624
3138
8741
5535
4078
2156
8067
440
8448
2872
3670
1037
5367
4573
2122
8135
6150
7881
7232
6305
693
326
1714
4395
9277
162
9974
1232
2804
9483
3120
5030
3796
8872
2713
949
3064
968
8366
7108
177
1679
1540
8904
4349
8270
4171
5676
7693
1576
5683
4523
3724
11
4382
1994
8562
287
123
1204
4189
2812
3125
8954
8237
9297
4594
5299
8072
9909
6935
9326
7286
1759
4992
7177
5629
3324
5103
4610
781
6518
1403
5307
7919
1009
4611
7299
7482
1410
7573
285
6232
7712
9832
1705
8277
3829
1028
9207
1045
5286
2437
1334
4619
7122
3296
7354
3130
1871
92
6086
6459
3855
8873
6470
4182
2142
5263
4639
5698
881
2797
56
6387
5876
6142
3533
6793
9206
1145
9148
8715
389
9180
3281
1913
7407
9094
1340
599
3919
507
6722
5667
9293
9960
6990
6287
6429
4089
1419
9454
4367
2943
7002
6663
4293
9415
2894
9434
2226
2955
4768
2463
4454
9215
8301
1079
6491
2337
5515
1750
3715
7307
2320
3412
6873
5515
2082
8695
9074
4010
3847
3470
1699
5343
2411
9245
9725
8896
7639
9121
711
9237
5208
8147
8982
4236
7400
2985
5582
7524
1764
2710
5136
4505
2720
2042
359
2888
3307
3267
8146
3325
4894
9993
6171
1782
9301
2253
903
7896
6572
7891
8652
264
7442
2226
5859
9642
384
1079
3398
920
4194
5789
9326
4894
1227
3178
7342
4891
3699
1484
4300
8066
4556
4274
8540
8190
4851
3530
923
8874
7653
557
2548
3869
9801
1536
7136
2364
6361
2472
9418
9882
4802
6296
7214
7500
5824
5533
8894
6755
9387
9003
6109
3974
6067
7161
9989
8510
6330
957
5120
3416
1957
3680
6668
6858
3990
5564
941
9983
1203
9617
7168
49
5360
1406
9669
6853
7906
3360
83
6511
3304
6688
8028
3040
5715
6926
7977
4941
2290
4431
2950
8349
4559
1238
1945
7039
6086
569
2718
2982
6019
6497
1839
6969
1035
8178
6030
5940
9647
500
4327
3549
4350
9344
9636
8559
5962
9104
7739
38
1710
6461
3803
348
9507
4392
6392
4832
7187
3554
8805
4010
3376
353
8883
8498
6469
6272
364
8857
1140
5444
987
7440
3181
1177
1485
4174
5317
5259
8653
8740
9968
4546
8670
3969
8612
9759
5874
