2269
251
2535
73
907
8929
445
1569
1764
4926
6530
6808
1120
5507
3185
6184
8350
3510
6782
9212
1022
2614
3914
4025
4455
7402
1986
5937
2537
9971
4065
9309
2714
5595
2962
9990
8913
3595
6749
5046
4006
4632
2680
4171
4938
1105
5002
9141
6069
4246
4364
6654
8164
1912
7021
31
7775
4023
6698
3065
1631
3509
9350
4081
9915
9916
7324
4710
2164
5904
8936
9282
9989
7084
2903
306
528
5189
3241
9838
3789
8176
3675
8722
6807
7424
5273
7594
7231
5486
6967
3431
2711
1746
5025
2449
6869
4939
6297
2193
6845
6982
3722
2882
9481
4898
9180
2014
4115
4494
8397
6439
8931
7814
2702
8010
7594
3349
4813
9847
1320
410
2201
5131
9282
1457
421
7730
2136
8499
3163
8458
1892
9835
8977
4329
6762
8239
6697
3232
5873
5459
2932
5755
7662
1137
7536
5212
2358
3149
6532
554
8018
2588
9879
3261
3324
5476
3656
6123
3016
2720
5412
9316
7616
5513
4435
6995
8373
7016
916
9025
2377
5942
9311
7624
6549
8692
1648
2367
940
6084
8662
6738
5362
3933
2390
5784
2973
8011
2601
5752
4442
395
7378
9288
1321
5235
115
9868
7833
6551
5950
5416
4063
4205
6784
9145
8819
4278
6689
9034
4205
1312
1529
451
3525
8080
645
2709
7795
5907
7068
8627
4499
7112
2783
8888
1738
2019
4786
8963
3875
8697
4285
6403
946
8969
9659
3913
9800
3250
8838
5174
9567
7350
7686
9687
9918
4947
1061
1505
5084
7809
6002
4400
8871
8834
3881
327
9922
5789
1439
2546
2248
708
4073
3431
6702
3560
8055
3341
3289
3091
3039
3028
7514
1554
3933
1265
7713
5791
1653
9425
7164
3369
9839
9540
9082
4841
5701
4673
7634
8024
3752
318
5891
1868
8101
1285
740
1536
3283
1331
9276
7977
2055
4622
9545
1658
1571
8808
1680
8619
4123
2783
6133
1074
3965
4954
1229
4302
1926
7306
6387
3934
9907
8817
5482
9994
8635
9243
8291
6281
9024
4376
6121
4684
540
1957
5121
698
966
5222
3637
3190
2329
777
1048
263
3568
4103
9840
2241
2879
6922
1520
5449
1550
7680
5918
4777
3785
4121
1526
7123
4997
1785
792
6413
9426
8997
9635
9403
7304
7338
860
4428
1376
2161
8805
592
1126
3431
4971
5690
3924
3238
3197
9499
8836
2675
1188
9916
9122
9831
5156
6641
3665
9551
7902
5331
8910
2676
3118
7190
8007
9938
1260
6795
7239
8128
6197
7161
3930
1204
8113
5750
5497
7378
2760
7022
5474
6074
8625
9885
9691
4980
6761
6771
2929
7152
8496
8776
1677
2190
8087
3884
1555
3392
3435
2549
6368
8326
842
1242
1700
3890
3502
5478
4931
7910
8078
9578
2432
4341
4450
9441
8007
2232
7419
2860
8567
7428
4755
4513
1854
1664
8222
8907
3578
7636
6290
3501
4973
8248
3885
8927
3601
1512
2000
2399
6709
8524
4224
1988
4068
4973
4866
4055
120
1502
3174
1877
3590
671
2204
969
9358
7412
7263
2935
7505
4391
5474
8195
8918
9890
2792
5172
6113
5347
3339
989
631
1360
9727
8349
4006
1020
8643
1115
5724
8427
1046
9989
7799
2701
2977
2326
5304
2895
8975
1969
4781
2754
3723
700
3112
5700
9027
1515
8487
8
8662
2619
9780
1163
6150
2985
5336
377
5146
8649
9303
3175
2522
8851
1397
2907
8655
6061
7228
4668
4015
6991
5961
9361
4032
6762
920
997
5839
8316
2136
9913
2487
6627
1756
7709
7263
6240
7051
629
1942
3107
4343
5802
6012
3160
3298
8881
1742
8746
5120
3791
3101
8882
8650
9517
7922
8408
8416
7427
9419
7674
1882
6327
5940
6235
1483
7975
9030
9452
880
8843
1106
9947
4493
8709
4089
3255
8500
4268
7856
5567
9574
8356
6073
2305
7256
6630
7577
9657
3161
3019
7843
5976
9426
3723
6584
1009
6153
9783
920
9962
2580
5163
2923
1256
31
7463
8214
3595
6128
1369
1356
2392
6313
5311
2215
7944
8578
1821
4315
4276
6830
5605
6451
4570
6746
6907
5408
1592
4591
1299
9484
9011
3137
9943
603
8256
2640
3911
8106
2217
8291
3794
283
2065
3955
5946
1748
6982
3439
1999
2016
3944
9318
4394
1639
318
7143
6580
9203
104
9286
2533
4440
7458
30
6058
8875
7834
9054
4652
4230
9274
8397
1217
5625
5213
2549
903
6929
9596
7216
7156
8497
1658
161
3476
3142
4558
531
9878
4449
1030
3906
4669
8423
6310
5106
5991
6643
2859
2389
8755
1507
7792
5461
8216
320
2606
6409
2679
5959
7262
2913
822
4308
4483
2789
4768
2246
8750
9080
5200
6604
3220
6939
1532
9304
2508
8231
793
5537
7567
8631
9467
2775
134
1854
7814
6129
839
1950
9676
8844
3987
7683
5127
5450
3310
4998
2748
9857
5417
9695
5915
2931
6304
5681
4481
1978
7106
2716
9695
2673
2469
3876
9173
4365
1049
1787
4373
1068
9266
9210
6846
2310
6957
4631
3857
7603
6254
1155
3906
640
5663
8327
1772
6561
7602
8274
4835
9964
9456
3163
5188
4789
9634
8847
1503
878
8717
1282
1966
5869
7809
3956
4191
3709
3567
9380
6943
5855
4031
9244
5368
426
4260
6222
2172
6946
8781
815
952
508
5543
5887
9079
9693
6700
779
183
1033
2004
7252
1208
876
6325
1616
6639
4150
8831
8440
6425
8075
5882
7417
3982
9893
3312
1648
4023
818
6577
1049
3981
583
5569
8087
4297
4967
3887
7914
2390
1149
2589
4055
6475
8663
5707
9537
2854
7214
3268
8084
4484
6735
5980
2491
6715
4779
3292
779
5701
9719
2598
4534
7472
7993
5456
3622
5027
9000
4142
8805
8645
7044
7119
2890
9031
9832
6644
164
3343
9282
1342
7521
5882
1308
8834
5479
4920
8421
1938
1241
6346
3139
5615
7261
1213
6593
4571
942
9847
3554
7260
5697
1742
452
3766
128
1056
3445
7958
8624
9876
6176
393
5119
61
2621
7083
6224
4370
2881
3891
4070
8806
6844
1605
4626
1081
2276
960
8363
9295
