2269
251
2535
73
907
8929
445
1569
1764
4926
6530
6808
1120
5507
3185
6184
8350
3510
6782
9212
1022
2614
3914
4025
4455
7402
1986
5937
2537
9971
4065
9309
2714
5595
2962
9990
8913
3595
6749
5046
4006
4632
2680
4171
4938
1105
5002
9141
6069
4246
4364
6654
8164
1912
7021
31
7775
4023
6698
3065
1631
3509
9350
4081
9915
9916
7324
4710
2164
5904
8936
9282
9989
7084
2903
306
528
5189
3241
9838
3789
8176
3675
8722
6807
7424
5273
7594
7231
5486
6967
3431
2711
1746
5025
2449
6869
4939
6297
2193
6845
6982
3722
2882
9481
4898
9180
2014
4115
4494
8397
6439
8931
7814
2702
8010
7594
3349
4813
9847
1320
410
2201
5131
9282
1457
421
7730
2136
8499
3163
8458
1892
9835
8977
4329
6762
8239
6697
3232
5873
5459
2932
5755
7662
1137
7536
5212
2358
3149
6532
554
8018
2588
9879
3261
3324
5476
3656
6123
3016
2720
5412
9316
7616
5513
4435
6995
8373
7016
916
9025
2377
5942
9311
7624
6549
8692
1648
2367
940
6084
8662
6738
5362
3933
2390
5784
2973
8011
2601
5752
4442
395
7378
9288
1321
5235
115
9868
7833
6551
5950
5416
4063
4205
6784
9145
8819
4278
6689
9034
4205
1312
1529
451
3525
8080
645
2709
7795
5907
7068
8627
4499
7112
2783
8888
1738
2019
4786
8963
3875
8697
4285
6403
946
8969
9659
3913
9800
3250
8838
5174
9567
7350
7686
9687
9918
4947
1061
1505
5084
7809
6002
4400
8871
8834
3881
327
9922
5789
1439
2546
2248
708
4073
3431
6702
3560
8055
3341
3289
3091
3039
3028
7514
1554
3933
1265
7713
5791
1653
9425
7164
3369
9839
9540
9082
4841
5701
4673
7634
8024
3752
318
5891
1868
8101
1285
740
1536
3283
1331
9276
7977
2055
4622
9545
1658
1571
8808
1680
8619
4123
2783
6133
1074
3965
4954
1229
4302
1926
7306
6387
3934
9907
8817
5482
9994
8635
9243
8291
6281
9024
4376
6121
4684
540
1957
5121
698
966
5222
3637
3190
2329
777
1048
263
3568
4103
9840
2241
2879
6922
1520
5449
1550
7680
5918
4777
3785
4121
1526
7123
4997
1785
792
6413
9426
8997
9635
9403
7304
7338
860
4428
1376
2161
8805
592
1126
3431
4971
5690
3924
3238
3197
9499
8836
2675
1188
9916
9122
9831
5156
6641
3665
9551
7902
5331
8910
2676
3118
7190
8007
9938
1260
6795
7239
8128
6197
7161
3930
1204
8113
5750
5497
7378
2760
7022
5474
6074
8625
9885
9691
4980
6761
6771
2929
7152
8496
8776
1677
2190
8087
3884
1555
3392
3435
2549
6368
8326
842
1242
1700
3890
3502
5478
4931
7910
8078
9578
2432
4341
4450
9441
8007
2232
7419
2860
8567
7428
4755
4513
1854
1664
8222
8907
3578
7636
6290
3501
4973
8248
3885
8927
3601
1512
2000
2399
6709
8524
4224
1988
4068
4973
4866
4055
120
1502
3174
1877
3590
671
2204
969
9358
7412
7263
2935
7505
4391
5474
8195
8918
9890
2792
5172
6113
5347
3339
989
631
1360
9727
8349
4006
1020
8643
1115
5724
8427
1046
9989
7799
2701
2977
2326
5304
2895
8975
1969
4781
2754
3723
700
3112
5700
9027
1515
8487
8
8662
2619
9780
1163
6150
2985
5336
377
5146
8649
9303
3175
2522
8851
1397
2907
8655
6061
7228
4668
4015
6991
5961
9361
4032
6762
920
997
5839
8316
2136
9913
2487
6627
1756
7709
7263
6240
7051
629
1942
3107
4343
5802
6012
3160
3298
8881
1742
8746
5120
3791
3101
8882
8650
9517
7922
8408
8416
7427
9419
7674
1882
6327
5940
6235
1483
7975
9030
9452
880
8843
1106
9947
4493
8709
4089
3255
8500
4268
7856
5567
9574
8356
6073
2305
7256
6630
7577
9657
3161
3019
7843
5976
9426
3723
6584
1009
6153
9783
920
9962
2580
5163
2923
1256
31
7463
8214
3595
6128
1369
1356
2392
6313
5311
2215
7944
8578
1821
4315
4276
6830
5605
6451
4570
6746
6907
5408
1592
4591
1299
9484
9011
3137
9943
603
8256
2640
3911
8106
2217
8291
3794
283
2065
3955
5946
1748
6982
3439
1999
2016
3944
9318
4394
1639
318
7143
6580
9203
104
9286
2533
4440
7458
30
6058
8875
7834
9054
4652
4230
9274
8397
1217
5625
5213
2549
903
6929
9596
7216
7156
8497
1658
161
3476
3142
4558
531
9878
4449
1030
3906
4669
8423
6310
5106
5991
6643
2859
2389
8755
1507
7792
5461
8216
320
2606
6409
2679
5959
7262
2913
822
4308
4483
2789
4768
2246
8750
9080
5200
6604
3220
6939
1532
9304
2508
8231
793
5537
7567
8631
9467
2775
134
1854
7814
6129
839
1950
9676
8844
3987
7683
5127
5450
3310
4998
2748
9857
5417
9695
5915
2931
6304
5681
4481
1978
7106
2716
9695
2673
2469
3876
9173
4365
1049
1787
4373
1068
9266
9210
6846
2310
6957
4631
3857
7603
6254
1155
3906
640
5663
8327
1772
6561
7602
8274
4835
9964
9456
3163
5188
4789
9634
8847
1503
878
8717
1282
1966
5869
7809
3956
4191
3709
3567
9380
6943
5855
4031
9244
5368
426
4260
6222
2172
6946
8781
815
952
508
5543
5887
9079
9693
6700
779
183
1033
2004
7252
1208
876
6325
1616
6639
4150
8831
8440
6425
8075
5882
7417
3982
9893
3312
1648
4023
818
6577
1049
3981
583
5569
8087
4297
4967
3887
7914
2390
1149
2589
4055
6475
8663
5707
9537
2854
7214
3268
8084
4484
6735
5980
2491
6715
4779
3292
779
5701
9719
2598
4534
7472
7993
5456
3622
5027
9000
4142
8805
8645
7044
7119
2890
9031
9832
6644
164
3343
9282
1342
7521
5882
1308
8834
5479
4920
8421
1938
1241
6346
3139
5615
7261
1213
6593
4571
942
9847
3554
7260
5697
1742
452
3766
128
1056
3445
7958
8624
9876
6176
393
5119
61
2621
7083
6224
4370
2881
3891
4070
8806
6844
1605
4626
1081
2276
960
8363
9295
43
2270
7006
6055
900
7791
8359
5819
3249
7970
8805
7132
6689
3709
5095
3871
704
8573
1995
9432
5353
2597
837
4549
9548
2990
1541
7704
4948
6268
6712
123
4351
2275
8005
1761
8109
9536
2347
1664
7904
9248
3572
4829
3245
7947
32
4859
5262
2317
8172
9261
977
6264
6755
4709
1881
2875
1283
8708
379
3614
8018
151
3867
6735
5576
6613
4698
4050
3862
2248
7003
1539
7730
2770
6306
2242
8376
1024
9912
9848
4596
6948
5021
1279
7466
5413
7425
3117
4911
9490
4687
2736
2583
5193
6211
670
9793
3751
9232
2630
6582
5194
7302
9538
5655
206
9497
6484
1247
9298
3424
9676
9176
4182
3699
3873
2601
7686
6061
2371
637
8236
6811
9628
326
5588
6745
3261
2047
7782
4715
1820
8451
7232
998
3404
2134
8521
2192
5313
5611
1412
9743
4638
3988
7080
4442
4065
1497
2150
7513
8559
3306
73
1764
1684
9233
5290
3982
9246
8863
1155
2973
4759
5749
8216
9463
5626
7048
7061
2691
5403
2528
2249
9156
3799
2518
6411
24
5554
8097
6553
6300
2598
7618
3102
263
4752
1860
9159
5671
5128
3203
3121
7696
3016
3389
9779
3468
2006
1053
6065
8813
4816
3467
6622
4904
8324
3412
7789
4249
7871
4084
5547
3217
4647
4523
7563
1020
4762
4887
3283
3884
6891
6595
7463
3575
4225
5380
5998
682
2319
2618
4850
3478
3628
8145
3269
2260
2065
9215
8852
5697
2177
3767
7995
5557
9972
2384
7292
8276
357
9173
5877
1603
798
5667
6361
8204
1185
6635
6385
1735
1563
7337
9212
6216
3303
9723
5765
10
9530
14
2045
9152
8114
7871
6000
9884
4830
5080
804
1089
288
9592
9526
6756
2026
2292
7457
4314
5701
7467
5754
2432
3436
4788
2101
1398
4549
2524
6141
986
3374
1053
5920
9405
2951
4196
3110
1009
4791
3498
3529
4410
2062
4863
1245
1291
9084
2789
8440
1545
4974
6924
299
2610
1595
2466
6454
6617
297
2365
5721
6832
9208
8129
9714
2922
565
1567
2283
955
3154
5493
6232
1387
7330
4625
9437
8021
3278
3697
1903
2028
6823
8303
4794
7825
333
6676
5791
6261
311
8665
8986
9274
521
4670
5487
2303
8207
9963
545
9260
7417
3432
3016
1037
8655
9910
3670
4581
5248
2787
7642
3288
1092
1799
1906
5033
8448
1978
2009
6799
9691
9908
7613
5056
9657
8518
7906
1761
6323
9793
1373
9404
2576
4390
1240
9714
3744
5308
6577
1828
8639
1948
270
7031
2865
3804
816
643
4143
1511
7479
1531
8130
2858
87
9277
229
973
4304
1523
9574
4596
7195
6268
8667
3538
6901
5726
84
652
7654
7464
2609
4247
1390
7978
8288
6872
3358
570
9855
7469
1399
2225
9353
4688
4373
6118
4750
7671
3353
3072
6022
4154
1741
2356
8588
2979
1732
9029
1810
3695
8558
7598
4049
5859
5481
5507
8125
4380
7892
4092
7071
8452
9885
7468
9749
7630
3383
9928
6657
4322
7593
2870
830
3094
5443
8269
4745
3885
1009
9055
6050
4601
4015
3453
9673
3779
6997
746
7106
1996
9506
7339
8301
1653
6691
8764
1692
1525
2626
9619
2498
2830
821
5920
2402
621
8113
8388
7834
2155
1733
3436
3784
8230
7660
4802
7190
2641
6962
7694
3026
6824
9577
2397
9614
1109
7649
6781
757
5196
5226
7438
6887
7200
7259
4580
779
966
7533
9540
9022
7447
7353
8921
6914
9148
9577
985
8398
6146
3032
4892
4477
5325
9028
7664
1071
2467
9482
789
916
6899
5817
8575
7540
5056
8922
347
7607
1623
948
4844
6482
183
7756
1425
4745
1180
5717
5144
7394
7336
2026
1061
3557
516
4508
157
2789
2924
9681
2377
4973
1057
2810
8477
4408
836
1160
7462
4500
2476
4274
852
1710
556
5372
9414
9249
7073
7009
1172
124
6268
8150
5783
8527
4940
1246
6561
9873
1239
4590
5259
9331
8707
2326
8831
3359
8120
3474
4043
6491
2
7653
6601
2082
2311
6591
9290
8238
5063
323
4101
684
1502
6178
7004
7950
9356
8568
2697
757
7174
3064
8633
8304
9641
8860
3395
1034
5482
5614
254
9368
7385
5840
5215
6670
2342
228
5760
8524
6729
2877
5590
9087
4124
356
5495
6056
7830
514
1084
4016
990
5023
2969
4111
6554
8856
232
6066
3421
1482
861
8558
5043
6232
7302
8599
6962
9147
87
5765
6570
6250
8616
7200
4359
770
348
9893
7286
9401
6403
3428
8495
6756
9599
9681
4602
8523
1355
5737
3109
2456
3758
595
3503
2413
8786
5844
7123
5804
4286
452
5749
5684
799
1927
3491
3387
9332
9366
8599
8930
2170
9283
3489
7357
1739
9927
3236
7839
6342
7720
4751
4944
3716
4058
8852
6176
2338
965
7103
5526
629
2667
3499
8324
2341
2343
3369
2571
1860
4579
3507
201
91
3037
4355
4019
6563
4476
3304
3485
2764
4053
4286
3850
6607
122
311
4300
4286
3572
7982
7460
7867
9618
1144
6075
753
2038
8605
7227
9102
8491
7768
6949
890
91
8933
9860
8628
4092
3067
1677
5051
4157
8789
2623
5904
2166
1347
5357
5644
3399
6293
6745
5165
164
7229
8920
4811
5639
5431
9008
9020
42
4982
2087
8483
6371
2553
6553
1327
3720
6340
9280
2543
1027
3151
572
2848
4849
7830
1935
4292
55
9575
5992
6334
1335
3171
9459
7185
1541
1345
5351
8593
1961
1632
7924
6860
614
235
4105
8552
5338
2350
2988
8754
4593
150
9415
484
5087
6728
4830
7731
7896
8671
4260
7219
4638
3948
2074
8566
4944
9561
2159
4296
2227
677
9771
5529
2387
2604
8726
1427
5494
6507
6095
8138
3120
863
9366
1988
3561
4219
9175
5321
6012
8869
3205
3577
5748
6145
1882
9496
2063
5074
6985
8298
2025
3561
3204
5446
6792
5031
311
7764
235
7132
563
9544
3864
285
7894
995
6364
485
9290
481
939
1818
6453
9473
2025
4060
4393
2578
8837
2762
7610
993
9510
7074
993
2090
8342
9965
8013
6375
2410
7446
1669
4201
188
3677
8392
9269
4805
9215
1327
549
8260
3507
6922
2541
7587
8621
4878
9804
3011
9339
8324
2913
4962
938
4370
7049
7721
9198
9610
7806
7487
5942
1015
1859
8570
4107
202
4017
4812
7194
9840
4892
5742
2396
4672
6040
8049
520
7422
8768
2348
3480
4870
3033
7632
486
7965
6080
6409
3799
6393
9834
8204
7687
6705
412
5691
3323
2525
8545
3593
4564
8917
1624
4671
1961
1963
6399
9465
2754
425
5947
4616
7643
9730
5436
1866
2913
7005
2005
8076
7950
8252
1561
6865
9845
8934
4571
370
7493
9330
330
7616
2958
4438
9841
5401
4438
9688
4065
8176
3312
8269
7043
4353
3261
7439
7427
6520
5111
8607
9328
7356
4245
2117
4430
3289
9288
4031
3313
1700
7077
1525
1006
6491
1537
2108
7587
947
6645
3092
3472
6750
1020
3184
2324
2462
9250
5630
5763
9676
9383
328
1483
9096
7355
6408
9769
4431
5353
8221
2915
5463
825
118
9276
1261
4807
7463
5083
1005
6905
3607
9069
218
5877
4397
3064
4145
4137
6681
5484
3386
1234
3833
6214
2125
2895
7909
654
74
918
2484
3256
4788
9538
6838
7914
4551
4395
7662
875
9237
4640
6669
6033
6782
7213
5790
1503
296
9230
3343
5824
2403
6116
2211
723
9833
9423
4498
4895
8222
7989
1633
5706
1427
5301
3589
1682
3340
9053
9666
7295
6595
5256
4667
9980
7429
2184
1671
2330
4102
2251
5007
8060
6658
9596
3500
5451
4632
1598
2960
2801
1620
9268
9791
5176
954
3752
6904
3425
6659
5085
5953
9138
4443
1949
9637
643
588
4960
2622
8483
1174
8463
2485
9214
1565
1398
6626
2598
1090
9579
6631
3399
4599
2003
9967
2224
7589
4609
7412
5546
4595
6550
6103
2725
5481
5642
605
9210
9175
399
5620
2288
5887
3084
4760
4071
7054
4504
359
8482
5944
7961
8609
2457
8794
6235
7835
3307
7437
564
9124
9403
7979
213
1750
9597
8535
8248
4306
5695
6776
8241
5565
2478
5864
8594
5780
3968
2590
3478
4932
2159
1483
5759
864
4439
3775
5514
1879
3242
5703
1793
8122
9255
2246
5577
1512
555
6196
5941
4766
2236
9111
276
5110
1499
2870
5446
195
3569
2850
9696
6836
5573
8540
101
8277
995
3466
977
9738
763
9105
5384
4929
175
5750
4191
3319
6822
8933
1569
4364
1101
3759
1100
6602
6411
5821
7984
5030
2925
3347
6920
6609
4932
358
825
3563
506
4367
4851
559
8268
6263
9789
6923
3545
64
3345
7674
22
1871
5991
1505
9748
2677
699
5582
8086
9983
2480
9632
7040
4809
3404
7301
2835
931
1715
7146
2669
4062
2002
8898
199
9871
809
2142
8353
2139
6032
5899
6797
4026
3700
640
7472
3459
6776
3218
8429
4324
5342
3869
8077
2344
4082
7083
8801
9900
2013
6032
774
1543
239
5489
8936
3321
5862
8233
9533
1764
9930
9551
3694
8391
5603
4764
1766
3542
5766
3160
9735
1576
5326
5957
2192
9105
8397
2440
4441
5054
6868
9651
3127
7093
5319
1750
2645
2018
8813
3068
8903
1153
6413
8435
9466
4462
5258
3829
6684
208
9099
3440
9737
1425
3272
9613
9143
7013
7375
7604
7044
7837
2599
5705
8507
9158
6932
4598
1725
8309
4383
1124
9744
472
1042
5675
7168
4071
7603
9032
3723
5686
2798
9297
4038
9213
3997
6983
4902
7278
5701
7259
2810
7045
3713
7359
5586
4055
2318
2938
8338
8221
8295
6209
2376
8032
6155
6061
1868
2693
9946
4035
7682
9047
1967
3367
2364
2411
6952
1841
488
2219
1656
3365
3665
2514
5657
8437
3139
1178
3037
9167
9108
9669
9526
9214
9549
6690
4022
5939
6974
619
3220
9065
8751
4679
9402
8453
4985
7510
6501
990
8342
4403
7400
2901
6228
5720
2792
1795
9613
7705
2810
2460
9995
1520
1047
9890
7310
1767
3795
1449
5823
7057
1326
7265
174
7327
4018
4427
4642
6090
3755
596
7987
1217
2617
4696
950
2773
1406
9974
2516
4664
1148
1718
3261
1315
5662
345
2594
5979
9783
8296
4610
3838
7336
7671
7139
2490
8518
4754
667
2484
4074
9169
5737
291
8507
109
7247
6793
8738
7360
101
2852
3550
9923
7652
6296
8071
2127
6125
5036
645
5350
6038
696
331
8339
9244
2903
1111
3888
2750
4440
6831
9492
7910
633
4451
884
5828
2066
7698
9852
9359
6182
6836
9515
5766
5656
3440
9673
1233
6492
1036
9577
7556
4021
5859
7450
8788
8069
7370
2487
8709
6683
253
4275
2766
8737
1754
3503
8595
9732
217
55
2508
1552
8704
2040
6839
9696
8313
8202
4102
2163
2167
363
5004
8603
7880
3767
5772
6417
5833
9796
1381
6161
647
1875
4059
2875
8538
1318
5064
6961
1752
3925
5254
3675
8611
9870
5665
2665
9462
2675
3478
8368
1421
4721
3578
1204
779
4222
9434
6431
7520
6593
7841
6879
1246
4405
78
2742
2104
4888
6891
1519
4940
9708
6989
9598
9344
1532
6664
112
858
4266
3069
4948
8841
3423
5506
6053
2665
2742
9980
3768
1532
7426
5038
1955
8736
3759
3008
5317
3181
4578
6302
9029
857
5838
4616
2184
3946
9289
1287
380
1840
6874
7801
5864
2238
4503
9046
2914
964
2420
366
6595
6385
8539
5402
2292
5480
6341
9576
934
2311
6279
9520
3770
5454
2552
5859
6327
8993
4598
949
7270
7690
56
3730
2788
3930
6410
3092
7255
4905
1493
8114
7919
1169
218
8644
6525
9430
2962
9769
2532
3711
5573
7043
8085
3129
9900
3969
2430
5439
8347
7062
921
9941
9183
1656
2847
5407
4742
793
2541
5318
3996
7019
4300
7596
2539
7619
2730
8459
3631
1404
2263
5545
5152
284
9286
5808
1528
5427
6615
8356
3110
9039
6028
8781
9106
1360
9465
9512
8534
2592
1883
6707
6054
7636
5300
235
8549
4102
6936
738
5486
5989
9697
418
3085
1100
1069
2442
9937
4265
7756
3618
6331
1166
3876
4041
9610
2691
6706
3400
7627
740
6805
3762
8572
775
9545
3302
5513
9851
7254
8702
4860
6191
2250
9429
6223
8059
7905
6506
9642
4086
1499
4153
2337
5688
9656
8315
8182
1494
4101
5433
2139
8031
1393
5707
3742
8771
9808
7907
9811
9935
2214
6860
9478
1991
7689
5728
6808
4152
6919
7697
4605
9754
3630
3724
4337
6203
3259
8742
7427
8830
418
1578
613
6902
5961
1889
1164
4243
527
9296
8301
9435
9910
9298
9068
5805
2666
259
729
3971
6208
2366
206
885
8109
3343
4463
4493
6297
2161
8799
2141
1867
7133
7734
169
5415
717
9730
7797
5735
1392
4122
8507
144
3873
3459
3128
468
6895
5043
9848
8755
1151
7088
3878
3665
4574
4213
6550
1265
1974
2550
1679
7001
4091
938
9951
7937
9652
3315
8047
2776
537
7549
5757
7729
7257
931
7999
6084
5543
4992
6231
5334
2131
8557
8592
4459
5315
203
5771
645
7536
7496
6559
2424
1681
2223
382
5515
2999
3369
8470
867
625
6151
1185
317
8788
86
9022
9185
3714
2372
2115
5476
9542
244
8571
5139
3969
5893
5176
7139
475
7760
3015
6459
4434
6309
446
5324
8955
1478
4582
3759
6414
3867
7902
5808
2586
7662
7211
2756
6820
5707
9256
8416
1107
8180
6779
6606
8350
9757
1921
7516
3666
8814
5262
4449
7425
7677
4708
7572
2234
7793
7711
3761
1544
2257
2217
1549
5013
7499
7838
6768
9225
4598
6097
1735
1223
1759
2011
6858
8676
7034
881
8572
9981
2997
8522
3789
15
1142
4796
1847
186
7921
6238
6580
171
1797
4007
557
1546
2493
9046
9297
8814
1752
5800
3404
6830
2230
8767
1090
6749
4086
6623
6151
1442
1764
4125
9653
1366
8403
3920
36
4751
1088
4607
394
1110
2093
5672
673
1283
1478
517
6083
9491
9162
9253
5093
5231
627
1749
5969
2620
7850
4869
5849
499
4627
3756
8095
904
9268
1976
93
9196
4231
638
93
7208
1917
1960
2497
2389
8863
7836
9750
8129
3663
9607
4173
817
5821
6128
2507
3881
7253
3100
1404
2278
751
5001
7946
9365
510
494
8992
4529
6913
1627
4195
3807
8543
7802
5338
3481
6957
597
8584
9858
1423
658
962
7627
8068
6933
9557
1176
9626
910
3418
7585
7109
9918
1765
510
4530
4209
7936
1503
2149
8812
8078
4264
5607
1160
9927
737
5866
3715
6052
7627
3107
9608
196
7109
8021
5646
7589
4992
9912
6527
4126
3819
8190
2521
2668
5014
6120
8285
6609
8480
3571
9565
2469
4621
7561
8793
1513
9839
1470
8346
4661
1230
5768
6579
8732
4569
2799
6129
9074
534
8001
2395
9769
6004
1262
1594
5353
6711
9155
9544
4246
9766
2046
7844
2557
2445
9659
891
3254
9156
7291
3710
2601
603
3999
1598
7079
4501
5518
9336
3953
9703
3186
3518
8679
4717
1450
9452
9006
4742
9633
5296
8151
3036
8132
3805
113
6898
1185
1296
2584
8306
5715
4382
278
9927
4939
3796
2214
5213
9337
7366
5263
7008
1667
239
5136
4149
3692
1240
3978
9099
8095
8333
1769
1339
5069
2568
7388
6830
9832
2053
7825
3197
1393
7630
2528
8165
5331
387
1777
8841
2235
7964
919
824
3540
7645
1006
6119
2767
3364
7886
6286
396
4670
1278
2587
8548
8367
6349
5347
465
6599
778
2832
4515
5984
9602
2751
3062
6842
8431
3885
1738
7835
476
2365
9388
2271
8239
8306
6936
1123
5478
649
8466
6596
8470
9348
3340
7293
901
5182
6950
8272
3090
9758
6076
6605
5154
417
451
51
124
6159
4184
4888
7227
6200
6520
1935
2090
3426
77
7066
6192
6810
3058
5549
2857
9354
8474
9244
4665
4384
2963
3376
8630
9685
558
2132
3916
3172
1065
4993
5396
8521
661
8271
5989
7489
5563
6185
4573
331
7757
6526
1360
4144
9700
2672
7372
32
8105
3347
4332
6285
760
9304
5976
6507
4323
8939
1642
3438
3407
1254
6093
4398
1207
4930
4447
4907
7744
1614
8684
4917
7640
5287
6354
9776
557
6236
8999
7974
3485
358
1583
7823
5897
2126
9937
2952
7829
6118
7740
6347
4519
815
3040
3519
2129
3025
2919
4645
1299
5342
1113
88
3925
9586
6478
5320
3083
3841
1385
3334
2818
2021
7184
8634
7035
4020
4872
3864
815
3028
4069
5605
8458
2066
4251
5370
4989
9907
7825
7865
171
758
1836
8838
9464
8918
3856
9198
985
8329
5148
4208
7695
6629
2874
5561
8938
6882
4332
241
6666
3995
2745
664
1566
3216
4598
8440
6853
4572
7818
6893
7172
8554
1876
4415
5617
5623
7028
428
7831
3501
8562
8686
423
2927
8603
8455
6060
1583
4115
4199
1710
8858
1375
899
2815
9739
3344
4078
7698
5830
9346
260
1489
2313
7681
7242
8134
3116
5768
4128
9178
1066
2760
2575
9361
5491
4775
8271
5189
8788
6863
5550
9787
8577
662
720
5647
7230
5537
2392
2909
1946
5613
4918
9660
485
3155
7935
2255
4432
3426
3978
3837
4368
7592
953
4928
867
149
6430
4669
2688
3465
1715
8806
2512
1813
6842
3597
9543
184
6544
3907
8744
3396
2808
2398
1546
1109
5339
3094
2107
17
6135
598
5382
1900
9339
5523
2005
7080
1785
5386
878
3504
5220
7808
2530
4733
3474
1095
6465
808
165
7140
2062
9517
9230
8763
4887
5162
9273
808
6956
3263
288
3212
9138
3661
8400
8704
1829
3513
3464
3143
8850
5849
996
7815
9857
9507
8120
9520
5005
481
6950
1801
9029
6337
6715
9261
7861
1386
1965
3050
3660
2758
3012
5125
6732
3601
1098
9831
2730
1964
6321
5579
6169
4954
6008
6083
3053
4273
8563
4279
2974
3889
8379
7665
5624
1988
4419
4765
8451
6535
732
9223
5713
4690
7680
6758
1206
7474
7434
8311
1800
6658
9634
9049
4546
7842
8837
7619
5807
8060
5275
6784
8550
4605
204
8758
4839
1067
1787
1159
8104
6228
8077
4556
7689
9726
4142
9381
2077
6591
6350
2718
2381
6191
1320
9582
8093
5666
7827
487
2816
7198
8159
3769
7456
4163
8019
7366
2084
1714
5147
4208
7330
7885
110
7931
3252
2537
7968
7553
1178
2810
5094
6198
3945
6049
8245
4509
1551
6741
6137
223
7600
9084
6645
8819
3304
904
5049
8244
5241
343
1388
2273
821
7811
7045
4638
6772
4299
7088
2525
7477
4222
4477
3453
2066
9260
4929
8412
3772
6497
6654
4313
1191
1905
8290
5076
3434
32
9878
7384
7907
6825
7911
3261
4923
5861
8452
2587
9475
473
6586
2160
6151
5110
4428
3101
9475
9816
735
4842
1371
398
361
3542
1178
6217
5949
9459
6234
4853
6845
8052
1131
974
469
705
5656
6436
6746
3117
9557
3338
8461
9359
2019
4291
1937
9896
7009
5566
8639
5541
1420
7028
6855
9992
2477
6277
9418
2205
8280
3009
6153
779
3399
2352
8554
1501
3819
8541
5399
783
4404
4734
5228
9128
6601
2570
5696
9219
4756
2953
3500
3597
1416
1182
1327
230
9818
7285
8215
3638
4263
5624
1944
4748
1770
2873
7823
409
3392
6350
7695
2043
131
4549
2830
3391
9155
769
2547
5916
9777
5785
8609
8631
6789
3146
3227
9636
134
1754
2596
3199
9488
2438
3375
7395
3453
6910
8020
4861
8292
2746
1745
5021
7309
8248
1311
2645
1229
2621
7467
765
3320
1031
2849
6824
4793
8625
270
9368
2756
3674
3850
9922
829
9630
6085
9518
6182
3755
4473
3620
6374
2691
1797
2046
8869
1358
3635
7328
1460
6582
751
9262
5262
1702
5631
6674
5518
3918
8333
623
6197
9360
6808
7952
7681
9083
890
1555
208
1465
100
8626
391
3387
3360
8070
9310
2965
9418
3419
9931
3113
9261
221
6820
7735
6959
3433
4867
8781
840
9809
4801
3525
9110
8549
4005
9638
9997
2860
96
9954
667
9677
635
1853
1335
1259
5567
829
8197
5116
2442
7052
3228
5572
5444
2640
6622
2859
895
9922
377
3147
9934
2284
8918
6258
899
9890
1802
8182
3735
3661
5290
1279
9822
6542
935
3096
1404
1037
5173
9425
1468
4777
4183
7085
9363
8784
6627
4132
7314
1106
5121
2400
4234
1367
9609
3988
1156
6003
9064
7272
4839
5614
8287
6346
3730
4515
7039
5917
8255
2605
3111
8303
5010
9434
9937
4201
6503
2626
7274
5322
5114
2936
3970
2858
647
9827
5172
3679
7670
7610
5121
5510
133
7415
2191
467
4763
7261
14
2055
791
4220
2256
6302
3282
3705
5808
3858
7983
4474
5679
2836
5367
9593
3059
6801
2492
4176
2105
2070
9293
1488
8050
2481
6810
8349
5424
8862
1477
9387
5316
8814
3441
9987
1095
5318
9911
9972
6223
9949
4268
8846
3955
5425
9688
6184
1493
5258
2079
5524
6054
8337
9856
860
4272
4117
2192
8639
2977
8123
5893
7615
9579
5022
8685
9942
867
9960
9493
4789
4815
7850
1514
6988
8886
3557
9862
142
9192
9113
8162
9559
8485
5275
9584
3321
6797
2463
7824
7260
9216
2176
7239
5832
7811
3431
8076
5036
2409
8004
3228
5283
7309
7184
909
2883
3573
5138
5477
2123
143
4245
8125
2993
2324
5917
9483
365
2668
2063
9226
4040
7321
7764
7404
2211
5333
9723
3093
139
8806
7578
7266
4996
7941
9232
4365
3218
87
9727
1360
8927
8833
8114
9381
4488
8189
5734
6302
2542
7995
9973
5293
3267
5468
9579
5712
687
1422
6493
5719
2662
5943
5531
7620
1741
7519
3496
5929
801
5582
6923
9579
6089
5580
5384
9702
9076
3784
9942
9337
3584
6275
712
7130
5429
8603
7572
3362
8707
6662
1573
5125
2912
1634
8338
1854
6556
5377
7706
715
7984
9624
3138
8741
5535
4078
2156
8067
440
8448
2872
3670
1037
5367
4573
2122
8135
6150
7881
7232
6305
693
326
1714
4395
9277
162
9974
1232
2804
9483
3120
5030
3796
8872
2713
949
3064
968
8366
7108
177
1679
1540
8904
4349
8270
4171
5676
7693
1576
5683
4523
3724
11
4382
1994
8562
287
123
1204
4189
2812
3125
8954
8237
9297
4594
5299
8072
9909
6935
9326
7286
1759
4992
7177
5629
3324
5103
4610
781
6518
1403
5307
7919
1009
4611
7299
7482
1410
7573
285
6232
7712
9832
1705
8277
3829
1028
9207
1045
5286
2437
1334
4619
7122
3296
7354
3130
1871
92
6086
6459
3855
8873
6470
4182
2142
5263
4639
5698
881
2797
56
6387
5876
6142
3533
6793
9206
1145
9148
8715
389
9180
3281
1913
7407
9094
1340
599
3919
507
6722
5667
9293
9960
6990
6287
6429
4089
1419
9454
4367
2943
7002
6663
4293
9415
2894
9434
2226
2955
4768
2463
4454
9215
8301
1079
6491
2337
5515
1750
3715
7307
2320
3412
6873
5515
2082
8695
9074
4010
3847
3470
1699
5343
2411
9245
9725
8896
7639
9121
711
9237
5208
8147
8982
4236
7400
2985
5582
7524
1764
2710
5136
4505
2720
2042
359
2888
3307
3267
8146
3325
4894
9993
6171
1782
9301
2253
903
7896
6572
7891
8652
264
7442
2226
5859
9642
384
1079
3398
920
4194
5789
9326
4894
1227
3178
7342
4891
3699
1484
4300
8066
4556
4274
8540
8190
4851
3530
923
8874
7653
557
2548
3869
9801
1536
7136
2364
6361
2472
9418
9882
4802
6296
7214
7500
5824
5533
8894
6755
9387
9003
6109
3974
6067
7161
9989
8510
6330
957
5120
3416
1957
3680
6668
6858
3990
5564
941
9983
1203
9617
7168
49
5360
1406
9669
6853
7906
3360
83
6511
3304
6688
8028
3040
5715
6926
7977
4941
2290
4431
2950
8349
4559
1238
1945
7039
6086
569
2718
2982
6019
6497
1839
6969
1035
8178
6030
5940
9647
500
4327
3549
4350
9344
9636
8559
5962
9104
7739
38
1710
6461
3803
348
9507
4392
6392
4832
7187
3554
8805
4010
3376
353
8883
8498
6469
6272
364
8857
1140
5444
987
7440
3181
1177
1485
4174
5317
5259
8653
8740
9968
4546
8670
3969
8612
9759
5874
