2090
8342
9965
8013
6375
2410
7446
1669
4201
188
3677
8392
9269
4805
9215
1327
549
8260
3507
6922
2541
7587
8621
4878
9804
3011
9339
8324
2913
4962
938
4370
7049
7721
9198
9610
7806
7487
5942
1015
1859
8570
4107
202
4017
4812
7194
9840
4892
5742
2396
4672
6040
8049
520
7422
8768
2348
3480
4870
3033
7632
486
7965
6080
6409
3799
6393
9834
8204
7687
6705
412
5691
3323
2525
8545
3593
4564
8917
1624
4671
1961
1963
6399
9465
2754
425
5947
4616
7643
9730
5436
1866
2913
7005
2005
8076
7950
8252
1561
6865
9845
8934
4571
370
7493
9330
330
7616
2958
4438
9841
5401
4438
9688
4065
8176
3312
8269
7043
4353
3261
7439
7427
6520
5111
8607
9328
7356
4245
2117
4430
3289
9288
4031
3313
1700
7077
1525
1006
6491
1537
2108
7587
947
6645
3092
3472
6750
1020
3184
2324
2462
9250
5630
5763
9676
9383
328
1483
9096
7355
6408
9769
4431
5353
8221
2915
5463
825
118
9276
1261
4807
7463
5083
1005
6905
3607
9069
218
5877
4397
3064
4145
4137
6681
5484
3386
1234
3833
6214
2125
2895
7909
654
74
918
2484
3256
4788
9538
6838
7914
4551
4395
7662
875
9237
4640
6669
6033
6782
7213
5790
1503
296
9230
3343
5824
2403
6116
2211
723
9833
9423
4498
4895
8222
7989
1633
5706
1427
5301
3589
1682
3340
9053
9666
7295
6595
5256
4667
9980
7429
2184
1671
2330
4102
2251
5007
8060
6658
9596
3500
5451
4632
1598
2960
2801
1620
9268
9791
5176
954
3752
6904
3425
6659
5085
5953
9138
4443
1949
9637
643
588
4960
2622
8483
1174
8463
2485
9214
1565
1398
6626
2598
1090
9579
6631
3399
4599
2003
9967
2224
7589
4609
7412
5546
4595
6550
6103
2725
5481
5642
605
9210
9175
399
5620
2288
5887
3084
4760
4071
7054
4504
359
8482
5944
7961
8609
2457
8794
6235
7835
3307
7437
564
9124
9403
7979
213
1750
9597
8535
8248
4306
5695
6776
8241
5565
2478
5864
8594
5780
3968
2590
3478
4932
2159
1483
5759
864
4439
3775
5514
1879
3242
5703
1793
8122
9255
2246
5577
1512
555
6196
5941
4766
2236
9111
276
5110
1499
2870
5446
195
3569
2850
9696
6836
5573
8540
101
8277
995
3466
977
9738
763
9105
5384
4929
175
5750
4191
3319
6822
8933
1569
4364
1101
3759
1100
6602
6411
5821
7984
5030
2925
3347
6920
6609
4932
358
825
3563
506
4367
4851
559
8268
6263
9789
6923
3545
64
3345
7674
22
1871
5991
1505
9748
2677
699
5582
8086
9983
2480
9632
7040
4809
3404
7301
2835
931
1715
7146
2669
4062
2002
8898
199
9871
809
2142
8353
2139
6032
5899
6797
4026
3700
640
7472
3459
6776
3218
8429
4324
5342
3869
8077
2344
4082
7083
8801
9900
2013
6032
774
1543
239
5489
8936
3321
5862
8233
9533
1764
9930
9551
3694
8391
5603
4764
1766
3542
5766
3160
9735
1576
5326
5957
2192
9105
8397
2440
4441
5054
6868
9651
3127
7093
5319
1750
2645
2018
8813
3068
8903
1153
6413
8435
9466
4462
5258
3829
6684
208
9099
3440
9737
1425
3272
9613
9143
7013
7375
7604
7044
7837
2599
5705
8507
9158
6932
4598
1725
8309
4383
1124
9744
472
1042
5675
7168
4071
7603
9032
3723
5686
2798
9297
4038
9213
3997
6983
4902
7278
5701
7259
2810
7045
3713
7359
5586
4055
2318
2938
8338
8221
8295
6209
2376
8032
6155
6061
1868
2693
9946
4035
7682
9047
1967
3367
2364
2411
6952
1841
488
2219
1656
3365
3665
2514
5657
8437
3139
1178
3037
9167
9108
9669
9526
9214
9549
6690
4022
5939
6974
619
3220
9065
8751
4679
9402
8453
4985
7510
6501
990
8342
4403
7400
2901
6228
5720
2792
1795
9613
7705
2810
2460
9995
1520
1047
9890
7310
1767
3795
1449
5823
7057
1326
7265
174
7327
4018
4427
4642
6090
3755
596
7987
1217
2617
4696
950
2773
1406
9974
2516
4664
1148
1718
3261
1315
5662
345
2594
5979
9783
8296
4610
3838
7336
7671
7139
2490
8518
4754
667
2484
4074
9169
5737
291
8507
109
7247
6793
8738
7360
101
2852
3550
9923
7652
6296
8071
2127
6125
5036
645
5350
6038
696
331
8339
9244
2903
1111
3888
2750
4440
6831
9492
7910
633
4451
884
5828
2066
7698
9852
9359
6182
6836
9515
5766
5656
3440
9673
1233
6492
1036
9577
7556
4021
5859
7450
8788
8069
7370
2487
8709
6683
253
4275
2766
8737
1754
3503
8595
9732
217
55
2508
1552
8704
2040
6839
9696
8313
8202
4102
2163
2167
363
5004
8603
7880
3767
5772
6417
5833
9796
1381
6161
647
1875
4059
2875
8538
1318
5064
6961
1752
3925
5254
3675
8611
9870
5665
2665
9462
2675
3478
8368
1421
4721
3578
1204
779
4222
9434
6431
7520
6593
7841
6879
1246
4405
78
2742
2104
4888
6891
1519
4940
9708
6989
9598
9344
1532
6664
112
858
4266
3069
4948
8841
3423
5506
6053
2665
2742
9980
3768
1532
7426
5038
1955
8736
3759
3008
5317
3181
4578
6302
9029
857
5838
4616
2184
3946
9289
1287
380
1840
6874
7801
5864
2238
4503
9046
2914
964
2420
366
6595
6385
8539
5402
2292
5480
6341
9576
934
2311
6279
9520
3770
5454
2552
5859
6327
8993
4598
949
7270
7690
56
3730
2788
3930
6410
3092
7255
4905
1493
8114
7919
1169
218
8644
6525
9430
2962
9769
2532
3711
5573
7043
8085
3129
9900
3969
2430
5439
8347
7062
921
9941
9183
1656
2847
5407
4742
793
2541
5318
3996
7019
4300
7596
2539
7619
2730
8459
3631
1404
2263
5545
5152
284
9286
5808
1528
5427
6615
8356
3110
9039
6028
8781
9106
1360
9465
9512
8534
2592
1883
6707
6054
7636
5300
235
8549
4102
6936
738
5486
5989
9697
418
3085
1100
1069
2442
9937
4265
7756
3618
6331
