1166
3876
4041
9610
2691
6706
3400
7627
740
6805
3762
8572
775
9545
3302
5513
9851
7254
8702
4860
6191
2250
9429
6223
8059
7905
6506
9642
4086
1499
4153
2337
5688
9656
8315
8182
1494
4101
5433
2139
8031
1393
5707
3742
8771
9808
7907
9811
9935
2214
6860
9478
1991
7689
5728
6808
4152
6919
7697
4605
9754
3630
3724
4337
6203
3259
8742
7427
8830
418
1578
613
6902
5961
1889
1164
4243
527
9296
8301
9435
9910
9298
9068
5805
2666
259
729
3971
6208
2366
206
885
8109
3343
4463
4493
6297
2161
8799
2141
1867
7133
7734
169
5415
717
9730
7797
5735
1392
4122
8507
144
3873
3459
3128
468
6895
5043
9848
8755
1151
7088
3878
3665
4574
4213
6550
1265
1974
2550
1679
7001
4091
938
9951
7937
9652
3315
8047
2776
537
7549
5757
7729
7257
931
7999
6084
5543
4992
6231
5334
2131
8557
8592
4459
5315
203
5771
645
7536
7496
6559
2424
1681
2223
382
5515
2999
3369
8470
867
625
6151
1185
317
8788
86
9022
9185
3714
2372
2115
5476
9542
244
8571
5139
3969
5893
5176
7139
475
7760
3015
6459
4434
6309
446
5324
8955
1478
4582
3759
6414
3867
7902
5808
2586
7662
7211
2756
6820
5707
9256
8416
1107
8180
6779
6606
8350
9757
1921
7516
3666
8814
5262
4449
7425
7677
4708
7572
2234
7793
7711
3761
1544
2257
2217
1549
5013
7499
7838
6768
9225
4598
6097
1735
1223
1759
2011
6858
8676
7034
881
8572
9981
2997
8522
3789
15
1142
4796
1847
186
7921
6238
6580
171
1797
4007
557
1546
2493
9046
9297
8814
1752
5800
3404
6830
2230
8767
1090
6749
4086
6623
6151
1442
1764
4125
9653
1366
8403
3920
36
4751
1088
4607
394
1110
2093
5672
673
1283
1478
517
6083
9491
9162
9253
5093
5231
627
1749
5969
2620
7850
4869
5849
499
4627
3756
8095
904
9268
1976
93
9196
4231
638
93
7208
1917
1960
2497
2389
8863
7836
9750
8129
3663
9607
4173
817
5821
6128
2507
3881
7253
3100
1404
2278
751
5001
7946
9365
510
494
8992
4529
6913
1627
4195
3807
8543
7802
5338
3481
6957
597
8584
9858
1423
658
962
7627
8068
6933
9557
1176
9626
910
3418
7585
7109
9918
1765
510
4530
4209
7936
1503
2149
8812
8078
4264
5607
1160
9927
737
5866
3715
6052
7627
3107
9608
196
7109
8021
5646
7589
4992
9912
6527
4126
3819
8190
2521
2668
5014
6120
8285
6609
8480
3571
9565
2469
4621
7561
8793
1513
9839
1470
8346
4661
1230
5768
6579
8732
4569
2799
6129
9074
534
8001
2395
9769
6004
1262
1594
5353
6711
9155
9544
4246
9766
2046
7844
2557
2445
9659
891
3254
9156
7291
3710
2601
603
3999
1598
7079
4501
5518
9336
3953
9703
3186
3518
8679
4717
1450
9452
9006
4742
9633
5296
8151
3036
8132
3805
113
6898
1185
1296
2584
8306
5715
4382
278
9927
4939
3796
2214
5213
9337
7366
5263
7008
1667
239
5136
4149
3692
1240
3978
9099
8095
8333
1769
1339
5069
2568
7388
6830
9832
2053
7825
3197
1393
7630
2528
8165
5331
387
1777
8841
2235
7964
919
824
3540
7645
1006
6119
2767
3364
7886
6286
396
4670
1278
2587
8548
8367
6349
5347
465
6599
778
2832
4515
5984
9602
2751
3062
6842
8431
3885
1738
7835
476
2365
9388
2271
8239
8306
6936
1123
5478
649
8466
6596
8470
9348
3340
7293
901
5182
6950
8272
3090
9758
6076
6605
5154
417
451
51
124
6159
4184
4888
7227
6200
6520
1935
2090
3426
77
7066
6192
6810
3058
5549
2857
9354
8474
9244
4665
4384
2963
3376
8630
9685
558
2132
3916
3172
1065
4993
5396
8521
661
8271
5989
7489
5563
6185
4573
331
7757
6526
1360
4144
9700
2672
7372
32
8105
3347
4332
6285
760
9304
5976
6507
4323
8939
1642
3438
3407
1254
6093
4398
1207
4930
4447
4907
7744
1614
8684
4917
7640
5287
6354
9776
557
6236
8999
7974
3485
358
1583
7823
5897
2126
9937
2952
7829
6118
7740
6347
4519
815
3040
3519
2129
3025
2919
4645
1299
5342
1113
88
3925
9586
6478
5320
3083
3841
1385
3334
2818
2021
7184
8634
7035
4020
4872
3864
815
3028
4069
5605
8458
2066
4251
5370
4989
9907
7825
7865
171
758
1836
8838
9464
8918
3856
9198
985
8329
5148
4208
7695
6629
2874
5561
8938
6882
4332
241
6666
3995
2745
664
1566
3216
4598
8440
6853
4572
7818
6893
7172
8554
1876
4415
5617
5623
7028
428
7831
3501
8562
8686
423
2927
8603
8455
6060
1583
4115
4199
1710
8858
1375
899
2815
9739
3344
4078
7698
5830
9346
260
1489
2313
7681
7242
8134
3116
5768
4128
9178
1066
2760
2575
9361
5491
4775
8271
5189
8788
6863
5550
9787
8577
662
720
5647
7230
5537
2392
2909
1946
5613
4918
9660
485
3155
7935
2255
4432
3426
3978
3837
4368
7592
953
4928
867
149
6430
4669
2688
3465
1715
8806
2512
1813
6842
3597
9543
184
6544
3907
8744
3396
2808
2398
1546
1109
5339
3094
2107
17
6135
598
5382
1900
9339
5523
2005
7080
1785
5386
878
3504
5220
7808
2530
4733
3474
1095
6465
808
165
7140
2062
9517
9230
8763
4887
5162
9273
808
6956
3263
288
3212
9138
3661
8400
8704
1829
3513
3464
3143
8850
5849
996
7815
9857
9507
8120
9520
5005
481
6950
1801
9029
6337
6715
9261
7861
1386
1965
3050
3660
2758
3012
5125
6732
3601
1098
9831
2730
1964
6321
5579
6169
4954
6008
6083
3053
4273
8563
4279
2974
3889
8379
7665
5624
1988
4419
4765
8451
6535
732
9223
5713
4690
7680
6758
1206
7474
7434
8311
1800
6658
9634
9049
4546
7842
8837
7619
5807
8060
5275
6784
8550
4605
204
8758
4839
1067
1787
1159
8104
6228
8077
4556
7689
9726
4142
9381
